55 66 92
10 7
2 8
9 10
4 8
3 9
8 3
3 8
6 9
9 3
6 1
2 10
10 9
10 5
7 4
2 4
6 6
5 9
5 3
3 8
1 4
10 10
3 4
1 5
9 8
3 8
9 2
6 10
4 8
3 1
3 1
1 6
9 10
9 7
7 8
6 6
4 8
3 9
3 6
3 4
2 1
7 10
1 10
4 10
6 9
8 1
4 2
6 2
2 3
4 2
10 10
4 4
8 5
3 10
1 4
8 10
11 51
19 22
55 20
54 43
23 11
28 54
29 11
52 24
52 37
27 10
48 25
6 24
26 16
7 11
9 47
42 24
43 28
5 8
6 35
35 49
4 8
6 52
2 10
18 25
30 31
27 51
22 45
19 6
9 27
49 10
17 7
49 53
6 40
34 20
3 9
52 28
26 38
49 10
32 39
29 54
8 31
10 52
12 11
19 29
31 53
41 16
20 28
3 47
32 47
33 38
46 17
27 28
8 2
26 15
4 52
51 53
22 54
44 54
45 44
49 43
9 14
15 41
34 48
8 49
7 31
16 9
1 44 4 32
3 32 133 2
3 5 114 8
1 10 5 15
2 43
1 46 4 41
2 25
1 9 5 46
3 38 55 7
1 9 3 24
3 17 63 10
1 51 5 19
3 11 78 9
2 28
2 36
3 21 67 3
2 53
1 17 7 11
2 3
1 53 2 38
3 41 20 8
3 33 100 9
3 5 19 2
3 21 281 10
1 26 1 8
2 64
1 45 10 47
3 15 205 9
3 1 92 3
1 26 6 37
3 21 328 1
1 12 9 17
2 34
2 39
2 59
3 15 214 2
3 44 234 8
2 51
2 42
3 34 156 9
1 28 3 23
3 7 150 4
3 2 140 7
1 30 7 42
3 28 174 4
1 44 10 12
3 45 136 5
1 4 5 1
1 52 1 45
1 14 2 8
3 30 24 3
1 7 7 11
3 6 111 10
3 33 238 9
2 30
2 29
3 45 68 2
1 13 1 29
1 55 3 10
1 26 10 24
3 53 17 1
1 24 10 7
1 15 3 52
1 21 10 26
1 44 9 33
1 45 1 6
1 48 7 53
1 6 10 23
3 13 271 10
1 2 9 55
3 39 77 2
2 19
2 52
1 15 3 30
1 5 4 52
3 39 160 2
2 14
1 25 1 26
3 38 460 2
3 46 290 7
3 9 389 9
3 2 339 2
1 55 2 16
1 36 5 53
3 26 311 1
3 31 295 1
2 58
1 11 5 53
1 21 1 10
3 17 398 3
3 17 353 3
1 16 7 29
