20 20 50
280079145 119518916 310408736 280079145 280079145 349938404 252812111 438986121 252812111 119518916 119518916 349938404 115198394 119518916 236834744 115198394 280079145 236834744 310408736 252812111 
288215742 115198394 559471310 119518916 236834744 438986121 252812111 115198394 438986121 438986121 236834744 236834744 280079145 119518916 288215742 288215742 236834744 115198394 288215742 310408736 
310408736 559471310
349938404 288215742
119518916 280079145
310408736 252812111
288215742 559471310
115198394 438986121
559471310 280079145
559471310 438986121
115198394 115198394
115198394 349938404
119518916 280079145
252812111 252812111
280079145 252812111
280079145 236834744
559471310 280079145
119518916 280079145
559471310 349938404
438986121 236834744
559471310 438986121
559471310 559471310
559471310 119518916
288215742 559471310
115198394 438986121
559471310 349938404
252812111 119518916
310408736 288215742
310408736 119518916
559471310 115198394
349938404 119518916
115198394 119518916
280079145 115198394
236834744 438986121
559471310 236834744
559471310 236834744
119518916 349938404
236834744 438986121
115198394 559471310
288215742 288215742
310408736 438986121
559471310 115198394
252812111 236834744
115198394 559471310
236834744 119518916
115198394 280079145
559471310 559471310
438986121 438986121
310408736 559471310
119518916 438986121
119518916 438986121
252812111 236834744
