50 896162513 271356593
326402539 226102988
127860890 337246325
628145518 132099862
570870047 882264707
296231666 506507267
71301177 583502202
207579018 158398865
9580645 785986545
520690257 56434277
727123771 706091356
841082565 877444319
940563726 457641329
27389640 807688159
61263317 909420700
643215709 210461056
162733279 489726684
762888651 590064729
376140479 537850369
925801190 614794889
1361974 775142633
555253451 20344386
484027687 307178273
751354035 468884950
646139342 555144435
496148023 901329662
558212799 150625774
181457980 644505534
285845032 1738730
456517344 865692990
902071079 747545927
799313402 164556903
9467321 458000673
631265432 118054718
158176605 468916730
798571544 570497273
186969620 904237036
883515316 152040446
528156743 732553444
491747747 122174035
837151779 29523830
656585315 620479571
98152143 896205991
614608490 300206326
806956134 793692359
403573767 905203813
789204511 743974647
579113574 167035054
178509069 38883296
899374381 205461237
62402940 593986052
